99
100
257
258
269
270
391
392
1077
1078
1089
1090
1109
1110
1145
1146
1327
1328
1450
1451
1456
1457
1617
1618
1643
1644
1660
1661
1731
1732
1749
1750
1753
1754
2448
2449
2485
2486
2501
2502
3198
3199
3402
3403
4582
4583
5345
5346
5396
5397
5650
5663
5678
5679
5700
5701
5710
5711
5757
5758
5773
5774
5781
5782
5809
5810
5817
5818
5871
5872
5958
5959
6171
6172
6337
6338
6361
6362
6365
6366
6412
6413
6414
6415
6416
6417
6418
6419
6420
6421
6599
6600
6607
6608
6609
6610
6613
6614
6617
6618
7939
7940
8419
8420
8421
8422
8431
8432
8433
8434
8582
8583
8584
8585
8586
8587
8876
8877
8880
8881
10075
10076
10099
10100
11092
11093
11822
11823
11824
11825
11916
11917
12015
12016
12065
12066
12069
12070
12071
12072
12079
12080
12083
12084
12105
12106
12786
12787
12792
12793
12804
12805
12806
12807
12820
12821
12986
12987